-2.429836261573244727e+00
1.000000000000000056e-01
4.800702321753695379e-01
1.000000000000000056e-01
6.073976857523649686e-01
1.000000000000000056e-01
4.498844003086114873e-01
1.000000000000000056e-01
4.274116312627637138e-01
1.000000000000000056e-01
4.757904248387285207e-01
1.000000000000000056e-01
5.026649898504232938e-01
1.000292241624088641e-01
5.100366774007897286e-01
1.000000000000000056e-01
4.943996353633530183e-01
1.079599958465787962e-01
4.740059273742648349e-01
1.497268532627791804e-01
4.327275013454582320e-01
1.839530796530385037e-01
3.872023336708211860e-01
2.360175325711590943e-01
3.603221245476867507e-01
2.426184635350053520e-01
3.577035012076439369e-01
2.606637836858315960e-01
3.526104381544334920e-01
2.466820225454088578e-01
3.717488388788273146e-01
2.292075429970289735e-01
3.776961650768846379e-01
2.246528336925301128e-01
3.765437598650894224e-01
2.204177337647102164e-01
3.804759604183899357e-01
2.192360165816918671e-01
3.798873698864591031e-01
2.170043823644528524e-01
3.829169867224564427e-01
2.182776805329546266e-01
3.641322152037017035e-01
2.372907700606510517e-01
3.676834419346081129e-01
2.486507951972593278e-01
3.441505029504493551e-01
2.733570818755685083e-01
3.306230780901628918e-01
2.735044643773215656e-01
