["port 1","LEFT"]
["port 2","RIGHT"]
("port 1","TE",1,"port 1",1,"transmission")
(50, 3)
1.8737028625000000e+014 6.1510072296566035e-002 -2.4083991086875516e+000
1.8762521180952381e+014 6.5888041511021359e-002 -2.2061625103690039e+000
1.8788013736904762e+014 6.6778269975932697e-002 -2.0147206933514687e+000
1.8813506292857144e+014 6.5675594802082432e-002 -1.8756427170802863e+000
1.8838998848809525e+014 6.6394525185765316e-002 -1.7924507044627307e+000
1.8864491404761903e+014 7.1328485546189674e-002 -1.7073025200627221e+000
1.8889983960714284e+014 7.8205937518372265e-002 -1.5668250905853660e+000
1.8915476516666666e+014 8.2572086293025870e-002 -1.3810390963863255e+000
1.8940969072619047e+014 8.2028538795524811e-002 -1.1964241745158168e+000
1.8966461628571428e+014 7.8240402281557736e-002 -1.0622631375817206e+000
1.8991954184523809e+014 7.6220816759324864e-002 -9.9342149565945581e-001
1.9017446740476191e+014 7.9571656051744641e-002 -9.3174616555958989e-001
1.9042939296428572e+014 8.5698741953244062e-002 -8.0960999222628605e-001
1.9068431852380953e+014 8.8923280368034624e-002 -6.3205179830617186e-001
1.9093924408333334e+014 8.6211629716626631e-002 -4.4991518042265394e-001
1.9119416964285712e+014 7.9481639652601341e-002 -3.2068921214275392e-001
1.9144909520238094e+014 7.4630501028680921e-002 -2.6900958697800181e-001
1.9170402076190475e+014 7.6032717004115624e-002 -2.3201293433037426e-001
1.9195894632142856e+014 8.0726849861238834e-002 -1.2531096583400586e-001
1.9221387188095237e+014 8.2275009695667950e-002 4.8172638819933174e-002
1.9246879744047619e+014 7.7454545235137368e-002 2.3010937179561616e-001
1.9272372300000000e+014 6.8419495313766801e-002 3.5105201185591328e-001
1.9297864855952381e+014 6.1572951908493920e-002 3.7266807377091676e-001
1.9323357411904762e+014 6.1636604271318188e-002 3.7249055669080333e-001
1.9348849967857144e+014 6.5024466270001399e-002 4.6364646492000738e-001
1.9374342523809522e+014 6.4907827328204035e-002 6.3783686836262754e-001
1.9399835079761903e+014 5.8462856290924861e-002 8.1940819261690956e-001
1.9425327635714284e+014 4.8339557311651897e-002 9.1522212429109628e-001
1.9450820191666666e+014 4.1358701296191944e-002 8.6377629652055432e-001
1.9476312747619047e+014 4.1826128658077923e-002 7.9660962062729723e-001
1.9501805303571428e+014 4.4587397881374405e-002 8.7481436396442258e-001
1.9527297859523809e+014 4.3090226499201204e-002 1.0512902624114544e+000
1.9552790415476191e+014 3.5887886380067312e-002 1.2105503172132555e+000
1.9578282971428572e+014 2.6767468179276502e-002 1.1984406486763184e+000
1.9603775527380953e+014 2.3448570278424750e-002 9.4352187847130276e-001
1.9629268083333331e+014 2.7152245206645310e-002 8.1891743603157818e-001
1.9654760639285712e+014 2.9810933482146529e-002 9.2076648146703688e-001
1.9680253195238094e+014 2.7341976529799947e-002 1.0672747807984764e+000
1.9705745751190475e+014 2.1404538608028933e-002 1.0670889755897084e+000
1.9731238307142856e+014 1.8818258759101661e-002 7.7157545490654100e-001
1.9756730863095237e+014 2.3549635025288035e-002 5.6919038490608664e-001
1.9782223419047619e+014 2.8993183416831117e-002 6.3851833480074960e-001
1.9807715975000000e+014 3.0448801273821116e-002 7.8638204265366607e-001
1.9833208530952381e+014 2.8110763339438030e-002 8.6691460032334122e-001
1.9858701086904762e+014 2.6014491396372172e-002 7.9260404339805557e-001
1.9884193642857141e+014 2.8447529856739866e-002 6.7530663533177082e-001
1.9909686198809522e+014 3.3692469208794242e-002 6.9572233703499742e-001
1.9935178754761903e+014 3.7327526728670020e-002 8.2105090220489574e-001
1.9960671310714284e+014 3.7466171243899220e-002 9.5562265841730554e-001
1.9986163866666666e+014 3.5400118970853538e-002 1.0244935017204515e+000
("port 1","TE",1,"port 2",1,"transmission")
(50, 3)
1.8737028625000000e+014 4.9535933409793126e-001 2.0042467966430690e+000
1.8762521180952381e+014 5.1006278040603203e-001 2.5758328959147185e+000
1.8788013736904762e+014 5.2419318886573119e-001 3.1493007587365520e+000
1.8813506292857144e+014 5.3703870284856414e-001 3.7238368572391352e+000
1.8838998848809525e+014 5.4843713924983284e-001 4.2977649004951148e+000
1.8864491404761903e+014 5.5919925419118044e-001 4.8700168196839257e+000
1.8889983960714284e+014 5.7025430149137968e-001 5.4416816215407469e+000
1.8915476516666666e+014 5.8143449717923434e-001 6.0145794932825618e+000
1.8940969072619047e+014 5.9186403608235683e-001 6.5892060387722911e+000
1.8966461628571428e+014 6.0078088301230870e-001 7.1647706385051411e+000
1.8991954184523809e+014 6.0802267139434285e-001 7.7397218769728067e+000
1.9017446740476191e+014 6.1435813293930197e-001 8.3129942815891145e+000
1.9042939296428572e+014 6.2075260579041158e-001 8.8852569402668209e+000
1.9068431852380953e+014 6.2730906048338753e-001 9.4581274118677783e+000
1.9093924408333334e+014 6.3326528226333678e-001 1.0032454923937944e+001
1.9119416964285712e+014 6.3779740178160005e-001 1.0607729103999755e+001
1.9144909520238094e+014 6.4064466636180539e-001 1.1182639737645825e+001
1.9170402076190475e+014 6.4238784843207131e-001 1.1756033718635717e+001
1.9195894632142856e+014 6.4402861155378588e-001 1.2328189276804236e+001
1.9221387188095237e+014 6.4583435981243342e-001 1.2900590590080569e+001
1.9246879744047619e+014 6.4716332807219523e-001 1.3474185863449479e+001
1.9272372300000000e+014 6.4721431106623739e-001 1.4048709004888835e+001
1.9297864855952381e+014 6.4564658328917501e-001 1.4622980429711912e+001
1.9323357411904762e+014 6.4294115736304391e-001 1.5195839967159078e+001
1.9348849967857144e+014 6.4001367799195363e-001 1.5767293663080057e+001
1.9374342523809522e+014 6.3732147755214219e-001 1.6338558794551975e+001
1.9399835079761903e+014 6.3441740433475213e-001 1.6910800853359877e+001
1.9425327635714284e+014 6.3050423185526883e-001 1.7484004590633198e+001
1.9450820191666666e+014 6.2516576547346769e-001 1.8057183218516968e+001
1.9476312747619047e+014 6.1868034543592154e-001 1.8629116579240758e+001
1.9501805303571428e+014 6.1190684282223073e-001 1.9199474958758866e+001
1.9527297859523809e+014 6.0540577883807578e-001 1.9769284064698063e+001
1.9552790415476191e+014 5.9892084671656221e-001 2.0339730450260070e+001
1.9578282971428572e+014 5.9177773070648376e-001 2.0911096183628398e+001
1.9603775527380953e+014 5.8348814116831571e-001 2.1482604302947266e+001
1.9629268083333331e+014 5.7419003886641806e-001 2.2053070053958468e+001
1.9654760639285712e+014 5.6454736970932051e-001 2.2621950900871102e+001
1.9680253195238094e+014 5.5516551688366089e-001 2.3189897899370955e+001
1.9705745751190475e+014 5.4599747646732866e-001 2.3758127984046347e+001
1.9731238307142856e+014 5.3648960633945730e-001 2.4327136153179506e+001
1.9756730863095237e+014 5.2617422340557451e-001 2.4896402515951241e+001
1.9782223419047619e+014 5.1502653363618955e-001 2.5464817372084322e+001
1.9807715975000000e+014 5.0357975878024930e-001 2.6031612577789787e+001
1.9833208530952381e+014 4.9241357170264416e-001 2.6597252217541730e+001
1.9858701086904762e+014 4.8158507050293259e-001 2.7162852028147711e+001
1.9884193642857141e+014 4.7069591595342025e-001 2.7729083290727793e+001
1.9909686198809522e+014 4.5929912287884134e-001 2.8295631025461784e+001
1.9935178754761903e+014 4.4730520522515776e-001 2.8861475032382927e+001
1.9960671310714284e+014 4.3506986705391737e-001 2.9425740498350081e+001
1.9986163866666666e+014 4.2312100485088211e-001 2.9988532409188103e+001
("port 2","TE",1,"port 1",1,"transmission")
(50, 3)
1.8737028625000000e+014 4.7463931845368584e-001 2.0169109997891561e+000
1.8762521180952381e+014 4.8986323154088696e-001 2.5864139134756448e+000
1.8788013736904762e+014 5.0486283664378062e-001 3.1578337729262058e+000
1.8813506292857144e+014 5.1884468840606579e-001 3.7307567831263131e+000
1.8838998848809525e+014 5.3151057820729131e-001 4.3037246245062146e+000
1.8864491404761903e+014 5.4331313077474952e-001 4.8756605995116615e+000
1.8889983960714284e+014 5.5497199138928011e-001 5.4468633361665839e+000
1.8915476516666666e+014 5.6671966862842771e-001 6.0186531769866001e+000
1.8940969072619047e+014 5.7802020341027438e-001 6.5920350031545079e+000
1.8966461628571428e+014 5.8804551715254672e-001 7.1667009911938049e+000
1.8991954184523809e+014 5.9644533448245285e-001 7.7413070990163950e+000
1.9017446740476191e+014 6.0367108812186898e-001 8.3147037557412453e+000
1.9042939296428572e+014 6.1054281491951301e-001 8.8869710827435657e+000
1.9068431852380953e+014 6.1745919579068542e-001 9.4593049406121654e+000
1.9093924408333334e+014 6.2400520027476702e-001 1.0032852678935722e+001
1.9119416964285712e+014 6.2933991810194567e-001 1.0607620408191998e+001
1.9144909520238094e+014 6.3298777668897910e-001 1.1182480413397728e+001
1.9170402076190475e+014 6.3528074859262285e-001 1.1756221260231225e+001
1.9195894632142856e+014 6.3704115488985158e-001 1.2328656748925969e+001
1.9221387188095237e+014 6.3880076922304940e-001 1.2900777966887134e+001
1.9246879744047619e+014 6.4029559480984022e-001 1.3473789769644020e+001
1.9272372300000000e+014 6.4072465228671149e-001 1.4047946527901200e+001
1.9297864855952381e+014 6.3952183488925141e-001 1.4622300285896440e+001
1.9323357411904762e+014 6.3690445024282971e-001 1.5195571531256864e+001
1.9348849967857144e+014 6.3368687869138218e-001 1.5767327056123076e+001
1.9374342523809522e+014 6.3052766455572695e-001 1.6338373811417526e+001
1.9399835079761903e+014 6.2733075180927389e-001 1.6910009439065892e+001
1.9425327635714284e+014 6.2335898872405926e-001 1.7482784251528589e+001
1.9450820191666666e+014 6.1794719544714638e-001 1.8055956518001786e+001
1.9476312747619047e+014 6.1115010946938675e-001 1.8628173491788274e+001
1.9501805303571428e+014 6.0371224450910999e-001 1.9198705808276486e+001
1.9527297859523809e+014 5.9639610216248218e-001 1.9768127147198317e+001
1.9552790415476191e+014 5.8929492445313114e-001 2.0337781510659664e+001
1.9578282971428572e+014 5.8178138586831951e-001 2.0908503727749444e+001
1.9603775527380953e+014 5.7313474821576926e-001 2.1479815625504600e+001
1.9629268083333331e+014 5.6324113739300508e-001 2.2050352247341447e+001
1.9654760639285712e+014 5.5271624319756962e-001 2.2619108753463141e+001
1.9680253195238094e+014 5.4234937191431409e-001 2.3186374043512775e+001
1.9705745751190475e+014 5.3239253110908602e-001 2.3753467122498954e+001
1.9731238307142856e+014 5.2236673991673765e-001 2.4321477286055075e+001
1.9756730863095237e+014 5.1156181970380732e-001 2.4890208324694964e+001
1.9782223419047619e+014 4.9973824089472335e-001 2.5458338288154778e+001
1.9807715975000000e+014 4.8736993641177512e-001 2.6024635639142009e+001
1.9833208530952381e+014 4.7521533598835963e-001 2.6589118429311942e+001
1.9858701086904762e+014 4.6362702534932565e-001 2.7153060461040067e+001
1.9884193642857141e+014 4.5225756371008147e-001 2.7717773682694958e+001
1.9909686198809522e+014 4.4043694690914659e-001 2.8283320524648250e+001
1.9935178754761903e+014 4.2784229124343565e-001 2.8848410207984386e+001
1.9960671310714284e+014 4.1482047270939820e-001 2.9411575003805019e+001
1.9986163866666666e+014 4.0207553308569233e-001 2.9972549356327967e+001
("port 2","TE",1,"port 2",1,"transmission")
(50, 3)
1.8737028625000000e+014 1.8119078661102492e-001 -2.8549113949061242e+000
1.8762521180952381e+014 1.8110561801145872e-001 -1.8323609518519277e+000
1.8788013736904762e+014 1.7737520166841667e-001 -8.2627860875710690e-001
1.8813506292857144e+014 1.7048426194845520e-001 1.6536553325496559e-001
1.8838998848809525e+014 1.6308531102608970e-001 1.1696675522525295e+000
1.8864491404761903e+014 1.5638014753629342e-001 2.2017291555052569e+000
1.8889983960714284e+014 1.5167015698346439e-001 3.2396919395501071e+000
1.8915476516666666e+014 1.5000523039338298e-001 4.2558315667923114e+000
1.8940969072619047e+014 1.4938530267477135e-001 5.2515513304082342e+000
1.8966461628571428e+014 1.4574050999156782e-001 6.2425048772982814e+000
1.8991954184523809e+014 1.3850766819994978e-001 7.2376678376692789e+000
1.9017446740476191e+014 1.3193200641934300e-001 8.2479965853308830e+000
1.9042939296428572e+014 1.2931049419349089e-001 9.2820879231216296e+000
1.9068431852380953e+014 1.2936261623511167e-001 1.0320980965762406e+001
1.9093924408333334e+014 1.2891889972045736e-001 1.1332890005247172e+001
1.9119416964285712e+014 1.2654701777479874e-001 1.2315596534436214e+001
1.9144909520238094e+014 1.2205165770362997e-001 1.3300991677214263e+001
1.9170402076190475e+014 1.1584907110698939e-001 1.4315264981762670e+001
1.9195894632142856e+014 1.1067979255788579e-001 1.5351396014024211e+001
1.9221387188095237e+014 1.0948573283046503e-001 1.6383931380967333e+001
1.9246879744047619e+014 1.1103575820355059e-001 1.7397481874619629e+001
1.9272372300000000e+014 1.1086794250965055e-001 1.8390509892155343e+001
1.9297864855952381e+014 1.0689330262240533e-001 1.9369930404718968e+001
1.9323357411904762e+014 1.0137164001785980e-001 2.0359941919374343e+001
1.9348849967857144e+014 9.7266792577310052e-002 2.1388047217321219e+001
1.9374342523809522e+014 9.5702236450366254e-002 2.2441043025261980e+001
1.9399835079761903e+014 9.6077257287930803e-002 2.3471794578672789e+001
1.9425327635714284e+014 9.6712364780468879e-002 2.4461041340332972e+001
1.9450820191666666e+014 9.5325133739278423e-002 2.5434844098391014e+001
1.9476312747619047e+014 9.0628753802908316e-002 2.6424194001140826e+001
1.9501805303571428e+014 8.4915286485039182e-002 2.7441426556708883e+001
1.9527297859523809e+014 8.2255281235580749e-002 2.8482182726337552e+001
1.9552790415476191e+014 8.3442133202545080e-002 2.9522797703341663e+001
1.9578282971428572e+014 8.5121698078857846e-002 3.0533076091680318e+001
1.9603775527380953e+014 8.4268513037439610e-002 3.1505705175878767e+001
1.9629268083333331e+014 8.0924205751729372e-002 3.2470813612415391e+001
1.9654760639285712e+014 7.6501198539622561e-002 3.3474429879562550e+001
1.9680253195238094e+014 7.2975182610482664e-002 3.4525741458423681e+001
1.9705745751190475e+014 7.2365146413947506e-002 3.5579213147266152e+001
1.9731238307142856e+014 7.4278555905069585e-002 3.6591558426164283e+001
1.9756730863095237e+014 7.5554852942806797e-002 3.7568527990057611e+001
1.9782223419047619e+014 7.3316239477727252e-002 3.8535956602067472e+001
1.9807715975000000e+014 6.8392201703095984e-002 3.9519006981507268e+001
1.9833208530952381e+014 6.4395594727746780e-002 4.0544514192773306e+001
1.9858701086904762e+014 6.3703976707758209e-002 4.1606676012866863e+001
1.9884193642857141e+014 6.5332905876370112e-002 4.2649187599368290e+001
1.9909686198809522e+014 6.6635567585412170e-002 4.3633434570537652e+001
1.9935178754761903e+014 6.5969622460574820e-002 4.4583405116518492e+001
1.9960671310714284e+014 6.2750904549905229e-002 4.5553437290135570e+001
1.9986163866666666e+014 5.8154127025665171e-002 4.6575349897666278e+001
